# 3D Shape: (48, 7, 3)
# AL:
87.9750 -1.0000 0.4531 
-1.0000 -1.0000 -1.0000
42.1900 -1.0000 0.5509 
87.5000 -1.0000 0.5339 
132.5000 -1.0000 -1.0000
38.3333 -1.0000 -1.0000
-1.0000 -1.0000 -1.0000
# AR:
-1.0000 -1.0000 0.4332 
-1.0000 -1.0000 -1.0000
-1.0000 -1.0000 -1.0000
-1.0000 -1.0000 -1.0000
-1.0000 -1.0000 -1.0000
-1.0000 -1.0000 -1.0000
-1.0000 -1.0000 -1.0000
# AZ:
-1.0000 -1.0000 -1.0000
-1.0000 -1.0000 -1.0000
247.1600 -1.0000 0.8092 
-1.0000 -1.0000 -1.0000
233.2500 -1.0000 -1.0000
43.5000 -1.0000 -1.0000
-1.0000 -1.0000 -1.0000
# CA:
-1.0000 -1.0000 -1.0000
-1.0000 -1.0000 -1.0000
37.6227 2.0000  0.6558 
-1.0000 -1.0000 -1.0000
150.5000 -1.0000 -1.0000
68.0972 1.0000  -1.0000
-1.0000 -1.0000 -1.0000
# CO:
-1.0000 -1.0000 -1.0000
-1.0000 -1.0000 -1.0000
68.0000 1.0000  0.6344 
-1.0000 -1.0000 0.6122 
-1.0000 -1.0000 -1.0000
-1.0000 -1.0000 -1.0000
-1.0000 -1.0000 -1.0000
# CT:
-1.0000 -1.0000 -1.0000
-1.0000 -1.0000 -1.0000
-1.0000 -1.0000 0.7634 
45.0000 -1.0000 0.5607 
-1.0000 -1.0000 -1.0000
0.0000  -1.0000 -1.0000
-1.0000 -1.0000 -1.0000
# DE:
-1.0000 -1.0000 -1.0000
-1.0000 -1.0000 -1.0000
-1.0000 -1.0000 -1.0000
-1.0000 -1.0000 -1.0000
-1.0000 -1.0000 -1.0000
-1.0000 -1.0000 -1.0000
-1.0000 -1.0000 -1.0000
# FL:
-1.0000 -1.0000 -1.0000
-1.0000 -1.0000 -1.0000
28.8080 -1.0000 0.7039 
0.0000  -1.0000 0.6710 
179.1128 -1.0000 0.5505 
14.8554 -1.0000 0.8047 
-1.0000 -1.0000 -1.0000
# GA:
174.3063 -1.0000 0.4823 
-1.0000 -1.0000 -1.0000
73.1500 -1.0000 0.5151 
107.4444 -1.0000 0.5039 
201.8022 -1.0000 -1.0000
35.1250 -1.0000 -1.0000
-1.0000 -1.0000 -1.0000
# IA:
-1.0000 -1.0000 -1.0000
-1.0000 -1.0000 0.2708 
-1.0000 -1.0000 -1.0000
0.0000  -1.0000 -1.0000
-1.0000 -1.0000 -1.0000
-1.0000 -1.0000 -1.0000
-1.0000 -1.0000 -1.0000
# ID:
-1.0000 -1.0000 -1.0000
-1.0000 -1.0000 -1.0000
-1.0000 1.0000  0.7485 
-1.0000 -1.0000 -1.0000
-1.0000 -1.0000 -1.0000
-1.0000 -1.0000 -1.0000
-1.0000 -1.0000 -1.0000
# IL:
-1.0000 -1.0000 -1.0000
119.1653 1.0000  0.2230 
-1.0000 -1.0000 0.4535 
-1.0000 -1.0000 0.2866 
-1.0000 -1.0000 0.9586 
-1.0000 1.0000  1.9000 
-1.0000 -1.0000 -1.0000
# IN:
-1.0000 -1.0000 -1.0000
72.0833 1.0000  0.2364 
160.0000 -1.0000 0.2741 
-1.0000 -1.0000 -1.0000
-1.0000 -1.0000 -1.0000
-1.0000 -1.0000 0.5314 
-1.0000 -1.0000 -1.0000
# KS:
-1.0000 -1.0000 0.4250 
-1.0000 -1.0000 -1.0000
175.0000 -1.0000 1.1159 
-1.0000 -1.0000 0.5214 
-1.0000 -1.0000 -1.0000
-1.0000 -1.0000 -1.0000
-1.0000 -1.0000 -1.0000
# KY:
113.5300 -1.0000 0.3328 
-1.0000 -1.0000 -1.0000
-1.0000 1.0000  0.3831 
0.0000  -1.0000 0.4050 
105.8100 -1.0000 -1.0000
15.0000 -1.0000 -1.0000
0.0000  -1.0000 -1.0000
# LA:
-1.0000 -1.0000 0.4998 
-1.0000 -1.0000 -1.0000
-1.0000 -1.0000 -1.0000
0.0000  -1.0000 0.5059 
-1.0000 -1.0000 -1.0000
82.9260 1.0000  -1.0000
-1.0000 -1.0000 -1.0000
# MA:
-1.0000 -1.0000 0.8053 
-1.0000 -1.0000 -1.0000
53.8920 -1.0000 0.6784 
73.5000 -1.0000 0.6437 
-1.0000 -1.0000 -1.0000
-1.0000 -1.0000 -1.0000
-1.0000 -1.0000 -1.0000
# MD:
-1.0000 -1.0000 0.5244 
-1.0000 1.0000  0.5355 
99.5850 -1.0000 0.4156 
12.8571 -1.0000 0.2328 
-1.0000 -1.0000 -1.0000
43.7272 4.0000  -1.0000
-1.0000 -1.0000 -1.0000
# ME:
-1.0000 -1.0000 -1.0000
-1.0000 -1.0000 -1.0000
-1.0000 -1.0000 -1.0000
204.0000 -1.0000 -1.0000
-1.0000 -1.0000 -1.0000
-1.0000 -1.0000 -1.0000
-1.0000 -1.0000 -1.0000
# MI:
-1.0000 -1.0000 -1.0000
-1.0000 -1.0000 -1.0000
59.5543 1.0000  0.3499 
-1.0000 -1.0000 -1.0000
-1.0000 -1.0000 -1.0000
-1.0000 -1.0000 -1.0000
-1.0000 -1.0000 -1.0000
# MN:
-1.0000 -1.0000 -1.0000
14.1667 1.0000  0.3822 
-1.0000 -1.0000 0.3564 
-1.0000 -1.0000 0.4516 
-1.0000 -1.0000 -1.0000
-1.0000 -1.0000 -1.0000
-1.0000 -1.0000 -1.0000
# MO:
-1.0000 -1.0000 -1.0000
38.3286 -1.0000 0.2653 
-1.0000 -1.0000 0.4104 
0.0000  -1.0000 -1.0000
-1.0000 -1.0000 -1.0000
0.0000  -1.0000 -1.0000
-1.0000 -1.0000 -1.0000
# MS:
-1.0000 -1.0000 0.3542 
-1.0000 -1.0000 -1.0000
-1.0000 -1.0000 -1.0000
0.0000  -1.0000 0.4938 
-1.0000 -1.0000 -1.0000
0.0000  -1.0000 -1.0000
-1.0000 -1.0000 -1.0000
# MT:
-1.0000 -1.0000 -1.0000
-1.0000 -1.0000 -1.0000
-1.0000 -1.0000 -1.0000
-1.0000 -1.0000 -1.0000
-1.0000 -1.0000 -1.0000
-1.0000 -1.0000 -1.0000
-1.0000 -1.0000 -1.0000
# NC:
251.4167 -1.0000 0.5089 
-1.0000 -1.0000 -1.0000
33.1100 -1.0000 0.5302 
204.0000 -1.0000 0.4911 
172.5443 -1.0000 0.4830 
26.4569 -1.0000 -1.0000
-1.0000 -1.0000 -1.0000
# ND:
-1.0000 -1.0000 -1.0000
-1.0000 -1.0000 -1.0000
-1.0000 -1.0000 0.7138 
0.0000  -1.0000 0.5115 
-1.0000 -1.0000 -1.0000
0.0000  -1.0000 -1.0000
-1.0000 -1.0000 -1.0000
# NE:
-1.0000 -1.0000 -1.0000
0.0000  -1.0000 0.3479 
-1.0000 -1.0000 -1.0000
-1.0000 -1.0000 -1.0000
-1.0000 -1.0000 -1.0000
-1.0000 -1.0000 -1.0000
-1.0000 -1.0000 -1.0000
# NH:
-1.0000 -1.0000 -1.0000
-1.0000 -1.0000 -1.0000
-1.0000 -1.0000 -1.0000
-1.0000 -1.0000 -1.0000
-1.0000 -1.0000 -1.0000
-1.0000 -1.0000 -1.0000
-1.0000 -1.0000 -1.0000
# NJ:
-1.0000 -1.0000 -1.0000
100.0000 -1.0000 0.4542 
50.8620 -1.0000 0.4634 
22.5000 -1.0000 0.3512 
-1.0000 -1.0000 -1.0000
0.0000  -1.0000 -1.0000
-1.0000 -1.0000 -1.0000
# NM:
-1.0000 -1.0000 -1.0000
-1.0000 -1.0000 -1.0000
-1.0000 -1.0000 -1.0000
-1.0000 -1.0000 -1.0000
-1.0000 -1.0000 -1.0000
0.0000  -1.0000 -1.0000
-1.0000 -1.0000 -1.0000
# NV:
-1.0000 -1.0000 -1.0000
-1.0000 -1.0000 -1.0000
137.6500 -1.0000 0.8255 
-1.0000 -1.0000 0.9971 
-1.0000 -1.0000 -1.0000
18.9000 -1.0000 -1.0000
-1.0000 -1.0000 -1.0000
# NY:
-1.0000 -1.0000 -1.0000
-1.0000 -1.0000 -1.0000
35.0000 -1.0000 0.4651 
43.9500 -1.0000 0.5617 
114.5000 -1.0000 -1.0000
240.0982 -1.0000 -1.0000
-1.0000 -1.0000 -1.0000
# OH:
-1.0000 -1.0000 -1.0000
-1.0000 -1.0000 -1.0000
45.3731 -1.0000 0.3216 
0.0000  -1.0000 -1.0000
209.9580 -1.0000 -1.0000
-1.0000 -1.0000 -1.0000
-1.0000 -1.0000 -1.0000
# OK:
-1.0000 -1.0000 0.6389 
-1.0000 -1.0000 -1.0000
-1.0000 -1.0000 0.5239 
-1.0000 -1.0000 0.5272 
-1.0000 -1.0000 -1.0000
0.0000  -1.0000 -1.0000
-1.0000 -1.0000 -1.0000
# OR:
-1.0000 -1.0000 -1.0000
-1.0000 -1.0000 -1.0000
-1.0000 -1.0000 0.8507 
-1.0000 -1.0000 -1.0000
266.3700 -1.0000 0.5988 
0.0000  -1.0000 -1.0000
-1.0000 -1.0000 -1.0000
# PA:
-1.0000 -1.0000 -1.0000
105.0000 -1.0000 0.5496 
205.5724 -1.0000 0.4216 
45.0000 -1.0000 0.4139 
107.5000 -1.0000 -1.0000
6.2121  3.0000  -1.0000
0.0000  -1.0000 -1.0000
# RI:
-1.0000 -1.0000 -1.0000
-1.0000 -1.0000 -1.0000
-1.0000 -1.0000 -1.0000
-1.0000 -1.0000 -1.0000
-1.0000 -1.0000 -1.0000
-1.0000 -1.0000 -1.0000
-1.0000 -1.0000 -1.0000
# SC:
124.4750 -1.0000 0.5363 
-1.0000 -1.0000 -1.0000
-1.0000 -1.0000 0.5299 
0.0000  -1.0000 0.4965 
-1.0000 -1.0000 0.4243 
74.2370 -1.0000 0.5312 
-1.0000 -1.0000 -1.0000
# SD:
-1.0000 -1.0000 -1.0000
-1.0000 -1.0000 -1.0000
-1.0000 -1.0000 -1.0000
-1.0000 -1.0000 0.6765 
-1.0000 -1.0000 -1.0000
-1.0000 -1.0000 -1.0000
-1.0000 -1.0000 -1.0000
# TN:
175.9500 -1.0000 0.4258 
-1.0000 -1.0000 -1.0000
29.0967 -1.0000 0.4180 
0.0000  -1.0000 0.3964 
162.4424 -1.0000 0.4034 
64.4725 -1.0000 0.4209 
-1.0000 -1.0000 -1.0000
# TX:
-1.0000 -1.0000 1.4426 
-1.0000 -1.0000 -1.0000
49.0267 1.0000  0.5202 
94.7500 -1.0000 0.6199 
251.6682 -1.0000 0.4641 
38.5058 1.0000  0.5338 
-1.0000 -1.0000 -1.0000
# UT:
-1.0000 -1.0000 -1.0000
-1.0000 -1.0000 -1.0000
-1.0000 -1.0000 0.7109 
-1.0000 -1.0000 0.7065 
-1.0000 -1.0000 -1.0000
0.0000  -1.0000 -1.0000
-1.0000 -1.0000 -1.0000
# VA:
171.3333 -1.0000 0.4764 
104.9864 -1.0000 0.4603 
-1.0000 -1.0000 -1.0000
0.0000  -1.0000 0.5965 
-1.0000 -1.0000 -1.0000
19.6600 1.0000  -1.0000
-1.0000 -1.0000 -1.0000
# VT:
-1.0000 -1.0000 -1.0000
-1.0000 -1.0000 -1.0000
-1.0000 -1.0000 -1.0000
-1.0000 -1.0000 -1.0000
-1.0000 -1.0000 -1.0000
-1.0000 -1.0000 -1.0000
-1.0000 -1.0000 -1.0000
# WA:
-1.0000 -1.0000 -1.0000
-1.0000 -1.0000 -1.0000
-1.0000 -1.0000 0.9843 
-1.0000 -1.0000 -1.0000
188.7500 -1.0000 0.6995 
315.5033 -1.0000 -1.0000
-1.0000 -1.0000 -1.0000
# WI:
-1.0000 -1.0000 -1.0000
80.0000 -1.0000 0.2375 
-1.0000 -1.0000 0.5408 
-1.0000 -1.0000 -1.0000
-1.0000 -1.0000 -1.0000
-1.0000 -1.0000 -1.0000
-1.0000 -1.0000 -1.0000
# WV:
-1.0000 -1.0000 -1.0000
130.0000 -1.0000 0.3625 
135.0000 -1.0000 0.6480 
-1.0000 -1.0000 -1.0000
-1.0000 -1.0000 -1.0000
-1.0000 -1.0000 -1.0000
-1.0000 -1.0000 -1.0000
# WY:
-1.0000 -1.0000 -1.0000
-1.0000 -1.0000 -1.0000
-1.0000 -1.0000 -1.0000
-1.0000 -1.0000 -1.0000
-1.0000 -1.0000 -1.0000
-1.0000 -1.0000 -1.0000
-1.0000 -1.0000 -1.0000
